Class Array.Size Threads Real.Time(s) CPU.Time(s) Avg.Swap.Time.Real(ns) Avg.Swap.Time.CPU(ns) Mismatch
Synchronized 1 1 0.000415286 0.00000 0.00415286 0.00000  0
Synchronized 1 8 0.00212104 0.00000 0.169683 0.00000  0
Synchronized 1 16 0.00318935 0.00000 0.510296 0.00000  0
Synchronized 1 40 0.00632422 0.00000 2.52969 0.00000  0
Synchronized 5 1 1.93528 1.93390 19.3528 19.3390  0
Synchronized 5 8 23.7653 79.7212 1901.23 797.212  0
Synchronized 5 16 30.2727 104.186 4843.63 1041.86  0
Synchronized 5 40 31.2204 107.388 12488.2 1073.88  0
Synchronized 25 1 1.92553 1.92429 19.2553 19.2429  0
Synchronized 25 8 25.2428 81.0240 2019.43 810.240  0
Synchronized 25 16 26.2690 84.5433 4203.04 845.433  0
Synchronized 25 40 27.4441 89.4706 10977.7 894.706  0
Synchronized 100 1 2.01984 2.01851 20.1984 20.1851  0
Synchronized 100 8 27.4514 86.9736 2196.11 869.736  0
Synchronized 100 16 15.7848 46.1327 2525.56 461.327  0
Synchronized 100 40 5.37674 10.6071 2150.69 106.071  0
Unsynchronized 1 1 0.000321162 0.00000 0.00321162 0.00000  0
Unsynchronized 1 8 0.00214771 0.00000 0.171817 0.00000  0
Unsynchronized 1 16 0.00369495 0.00000 0.591192 0.00000  0
Unsynchronized 1 40 0.00763591 0.00000 3.05436 0.00000  0
Unsynchronized 5 1 1.69340 1.69149 16.9340 16.9149  0
Unsynchronized 5 8 3.47297 26.2011 277.838 262.011  1
Unsynchronized 5 16 4.62153 71.2937 739.445 712.937  1
Unsynchronized 5 40 3.83935 91.2991 1535.74 912.991  1
Unsynchronized 25 1 1.67628 1.67492 16.7628 16.7492  0
Unsynchronized 25 8 5.72978 36.1674 458.382 361.674  1
Unsynchronized 25 16 5.78269 57.8567 925.230 578.567  1
Unsynchronized 25 40 4.05988 92.3583 1623.95 923.583  1
Unsynchronized 100 1 1.75023 1.67937 17.5023 16.7937  0
Unsynchronized 100 8 4.37163 34.1339 349.731 341.339  1
Unsynchronized 100 16 4.12870 64.8940 660.592 648.940  1
Unsynchronized 100 40 2.97312 88.0662 1189.25 880.662  1
AcmeSafe 1 1 0.000282555 0.00000 0.00282555 0.00000  0
AcmeSafe 1 8 0.00183128 0.00000 0.146503 0.00000  0
AcmeSafe 1 16 0.00310217 0.00000 0.496348 0.00000  0
AcmeSafe 1 40 0.00695067 0.00000 2.78027 0.00000  0
AcmeSafe 5 1 2.60619 2.60474 26.0619 26.0474  0
AcmeSafe 5 8 13.8750 104.007 1110.00 1040.07  0
AcmeSafe 5 16 6.14601 90.3280 983.361 903.280  0
AcmeSafe 5 40 8.12366 247.251 3249.46 2472.51  0
AcmeSafe 25 1 2.45267 2.45143 24.5267 24.5143  0
AcmeSafe 25 8 5.30081 41.1321 424.065 411.321  0
AcmeSafe 25 16 14.1532 215.765 2264.51 2157.65  0
AcmeSafe 25 40 7.60847 229.507 3043.39 2295.07  0
AcmeSafe 100 1 2.47607 2.47475 24.7607 24.7475  0
AcmeSafe 100 8 7.68794 61.2835 615.035 612.835  0
AcmeSafe 100 16 6.78277 104.492 1085.24 1044.92  0
AcmeSafe 100 40 5.23068 157.873 2092.27 1578.73  0
