Class Array.Size Threads Real.Time(s) CPU.Time(s) Avg.Swap.Time.Real(ns) Avg.Swap.Time.CPU(ns) Mismatch
Synchronized 1 1 0.000407715 0.00000 0.00407715 0.00000  0
Synchronized 1 8 0.00242589 0.00000 0.194071 0.00000  0
Synchronized 1 16 0.00438397 0.00000 0.701435 0.00000  0
Synchronized 1 40 0.00888994 0.00000 3.55598 0.00000  0
Synchronized 5 1 1.64198 1.64070 16.4198 16.4070  0
Synchronized 5 8 4.64558 5.91945 371.646 59.1945  0
Synchronized 5 16 4.82025 5.72520 771.240 57.2520  0
Synchronized 5 40 4.82549 6.11606 1930.20 61.1606  0
Synchronized 25 1 1.69388 1.69217 16.9388 16.9217  0
Synchronized 25 8 4.76703 5.49403 381.362 54.9403  0
Synchronized 25 16 4.89962 5.87832 783.939 58.7832  0
Synchronized 25 40 4.98901 6.11808 1995.61 61.1808  0
Synchronized 100 1 1.67598 1.67442 16.7598 16.7442  0
Synchronized 100 8 5.03030 6.59710 402.424 65.9710  0
Synchronized 100 16 4.84863 5.89060 775.780 58.9060  0
Synchronized 100 40 4.84836 5.97010 1939.34 59.7010  0
Unsynchronized 1 1 0.000291211 0.00000 0.00291211 0.00000  0
Unsynchronized 1 8 0.00274111 0.00000 0.219288 0.00000  0
Unsynchronized 1 16 0.00535960 0.00000 0.857537 0.00000  0
Unsynchronized 1 40 0.00956976 0.00000 3.82791 0.00000  0
Unsynchronized 5 1 1.20742 1.20641 12.0742 12.0641  0
Unsynchronized 5 8 3.50128 13.8630 280.102 138.630  1
Unsynchronized 5 16 1.89339 7.42068 302.943 74.2068  1
Unsynchronized 5 40 2.01374 7.97913 805.497 79.7913  1
Unsynchronized 25 1 1.21403 1.21299 12.1403 12.1299  0
Unsynchronized 25 8 4.14781 16.4627 331.825 164.627  1
Unsynchronized 25 16 4.07657 15.5361 652.252 155.361  1
Unsynchronized 25 40 4.53149 17.9772 1812.60 179.772  1
Unsynchronized 100 1 1.21745 1.21519 12.1745 12.1519  0
Unsynchronized 100 8 3.47956 13.8166 278.365 138.166  1
Unsynchronized 100 16 3.64142 14.2733 582.627 142.733  1
Unsynchronized 100 40 3.44962 13.6885 1379.85 136.885  1
AcmeSafe 1 1 0.000312812 0.00000 0.00312812 0.00000  0
AcmeSafe 1 8 0.00212258 0.00000 0.169806 0.00000  0
AcmeSafe 1 16 0.00417546 0.00000 0.668073 0.00000  0
AcmeSafe 1 40 0.00763229 0.00000 3.05292 0.00000  0
AcmeSafe 5 1 2.53889 2.53698 25.3889 25.3698  0
AcmeSafe 5 8 13.6379 53.7254 1091.03 537.254  0
AcmeSafe 5 16 14.5463 57.5581 2327.41 575.581  0
AcmeSafe 5 40 7.61614 30.1385 3046.45 301.385  0
AcmeSafe 25 1 2.53695 2.53545 25.3695 25.3545  0
AcmeSafe 25 8 10.0183 39.8778 801.467 398.778  0
AcmeSafe 25 16 13.6658 53.6069 2186.52 536.069  0
AcmeSafe 25 40 12.8332 51.1674 5133.26 511.674  0
AcmeSafe 100 1 2.48505 2.48265 24.8505 24.8265  0
AcmeSafe 100 8 4.76754 18.1706 381.404 181.706  0
AcmeSafe 100 16 5.13978 20.4044 822.366 204.044  0
AcmeSafe 100 40 5.30569 21.0441 2122.28 210.441  0
